 -------------------------------------------------------------------------------------------
 |    Process #    |    CPU Time     |   IO Blocking   |  CPU Completed  |   CPU Blocked   | 
 -------------------------------------------------------------------------------------------
 |        1        |       50        |        2        |       50        |       24        | 
 -------------------------------------------------------------------------------------------
 |        2        |       71        |        4        |       71        |       17        | 
 -------------------------------------------------------------------------------------------
 |        3        |       47        |        7        |       47        |        6        | 
 -------------------------------------------------------------------------------------------
 |        4        |       50        |        7        |       50        |        7        | 
 -------------------------------------------------------------------------------------------
 |        5        |       59        |        3        |       59        |       19        | 
 -------------------------------------------------------------------------------------------
 |        6        |       61        |        9        |       61        |        6        | 
 -------------------------------------------------------------------------------------------
 |        7        |       58        |        3        |       58        |       19        | 
 -------------------------------------------------------------------------------------------
 |        8        |       50        |        6        |       50        |        8        | 
 -------------------------------------------------------------------------------------------
 |        9        |       56        |        0        |       56        |        0        | 
 -------------------------------------------------------------------------------------------
 |       10        |       52        |        3        |       52        |       17        | 
 -------------------------------------------------------------------------------------------
 |       11        |       71        |        1        |       71        |       70        | 
 -------------------------------------------------------------------------------------------
 |       12        |       46        |        4        |       46        |       11        | 
 -------------------------------------------------------------------------------------------
 |       13        |       71        |        6        |       71        |       11        | 
 -------------------------------------------------------------------------------------------
 |       14        |       57        |        6        |       57        |        9        | 
 -------------------------------------------------------------------------------------------
 |       15        |       69        |        7        |       69        |        9        | 
 -------------------------------------------------------------------------------------------
 |       16        |       68        |        8        |       68        |        8        | 
 -------------------------------------------------------------------------------------------
 |       17        |       51        |        6        |       51        |        8        | 
 -------------------------------------------------------------------------------------------
 |       18        |       54        |        2        |       54        |       26        | 
 -------------------------------------------------------------------------------------------
 |       19        |       63        |        8        |       63        |        7        | 
 -------------------------------------------------------------------------------------------
 |       20        |       47        |        8        |       47        |        5        | 
 -------------------------------------------------------------------------------------------
 |       21        |       67        |        0        |       67        |        0        | 
 -------------------------------------------------------------------------------------------
 |       22        |       68        |        9        |       68        |        7        | 
 -------------------------------------------------------------------------------------------
 |       23        |       60        |        7        |       60        |        8        | 
 -------------------------------------------------------------------------------------------
 |       24        |       55        |        4        |       55        |       13        | 
 -------------------------------------------------------------------------------------------
 |       25        |       56        |        6        |       56        |        9        | 
 -------------------------------------------------------------------------------------------
 |       26        |       58        |        5        |       58        |       11        | 
 -------------------------------------------------------------------------------------------
 |       27        |       71        |        2        |       71        |       35        | 
 -------------------------------------------------------------------------------------------
 |       28        |       63        |        2        |       63        |       31        | 
 -------------------------------------------------------------------------------------------
 |       29        |       63        |        8        |       63        |        7        | 
 -------------------------------------------------------------------------------------------
 |       30        |       62        |        4        |       62        |       15        | 
 -------------------------------------------------------------------------------------------
 |       31        |       51        |        7        |       51        |        7        | 
 -------------------------------------------------------------------------------------------
 |       32        |       54        |        3        |       54        |       17        | 
 -------------------------------------------------------------------------------------------
 |       33        |       53        |        9        |       53        |        5        | 
 -------------------------------------------------------------------------------------------
 |       34        |       62        |        4        |       62        |       15        | 
 -------------------------------------------------------------------------------------------
 |       35        |       71        |        4        |       71        |       17        | 
 -------------------------------------------------------------------------------------------
 |       36        |       69        |        6        |       69        |       11        | 
 -------------------------------------------------------------------------------------------
 |       37        |       56        |        0        |       56        |        0        | 
 -------------------------------------------------------------------------------------------
 |       38        |       56        |        1        |       56        |       55        | 
 -------------------------------------------------------------------------------------------
 |       39        |       63        |        0        |       63        |        0        | 
 -------------------------------------------------------------------------------------------
 |       40        |       72        |        2        |       72        |       35        | 
 -------------------------------------------------------------------------------------------
 |       41        |       65        |        3        |       65        |       21        | 
 -------------------------------------------------------------------------------------------
 |       42        |       52        |        7        |       52        |        7        | 
 -------------------------------------------------------------------------------------------
 |       43        |       53        |        8        |       53        |        6        | 
 -------------------------------------------------------------------------------------------
 |       44        |       66        |        0        |       66        |        0        | 
 -------------------------------------------------------------------------------------------
 |       45        |       72        |        6        |       72        |       11        | 
 -------------------------------------------------------------------------------------------
 |       46        |       55        |        2        |       55        |       27        | 
 -------------------------------------------------------------------------------------------
 |       47        |       60        |        0        |       60        |        0        | 
 -------------------------------------------------------------------------------------------
 |       48        |       70        |        0        |       70        |        0        | 
 -------------------------------------------------------------------------------------------
 |       49        |       52        |        5        |       52        |       10        | 
 -------------------------------------------------------------------------------------------
 |       50        |       70        |        6        |       70        |       11        | 
 -------------------------------------------------------------------------------------------
 |       51        |       57        |        0        |       57        |        0        | 
 -------------------------------------------------------------------------------------------
 |       52        |       46        |        2        |       46        |       22        | 
 -------------------------------------------------------------------------------------------
 |       53        |       72        |        7        |       72        |       10        | 
 -------------------------------------------------------------------------------------------
 |       54        |       46        |        2        |       46        |       22        | 
 -------------------------------------------------------------------------------------------
 |       55        |       67        |        0        |       67        |        0        | 
 -------------------------------------------------------------------------------------------
 |       56        |       57        |        0        |       57        |        0        | 
 -------------------------------------------------------------------------------------------
 |       57        |       66        |        8        |       66        |        8        | 
 -------------------------------------------------------------------------------------------
 |       58        |       48        |        9        |       48        |        5        | 
 -------------------------------------------------------------------------------------------
 |       59        |       58        |        8        |       58        |        7        | 
 -------------------------------------------------------------------------------------------
 |       60        |       64        |        1        |       64        |       63        | 
 -------------------------------------------------------------------------------------------
 |       61        |       72        |        6        |       72        |       11        | 
 -------------------------------------------------------------------------------------------
 |       62        |       51        |        3        |       51        |       16        | 
 -------------------------------------------------------------------------------------------
 |       63        |       52        |        5        |       52        |       10        | 
 -------------------------------------------------------------------------------------------
 |       64        |       46        |        6        |       46        |        7        | 
 -------------------------------------------------------------------------------------------
 |       65        |       48        |        0        |       48        |        0        | 
 -------------------------------------------------------------------------------------------
 |       66        |       46        |        2        |       46        |       22        | 
 -------------------------------------------------------------------------------------------
 |       67        |       61        |        1        |       61        |       60        | 
 -------------------------------------------------------------------------------------------
 |       68        |       65        |        9        |       65        |        7        | 
 -------------------------------------------------------------------------------------------
 |       69        |       54        |        8        |       54        |        6        | 
 -------------------------------------------------------------------------------------------
 |       70        |       71        |        4        |       71        |       17        | 
 -------------------------------------------------------------------------------------------
 |       71        |       66        |        4        |       66        |       16        | 
 -------------------------------------------------------------------------------------------
 |       72        |       69        |        1        |       69        |       68        | 
 -------------------------------------------------------------------------------------------
 |       73        |       52        |        3        |       52        |       17        | 
 -------------------------------------------------------------------------------------------
 |       74        |       51        |        3        |       51        |       16        | 
 -------------------------------------------------------------------------------------------
 |       75        |       65        |        5        |       65        |       12        | 
 -------------------------------------------------------------------------------------------
 |       76        |       51        |        7        |       51        |        7        | 
 -------------------------------------------------------------------------------------------
 |       77        |       52        |        5        |       52        |       10        | 
 -------------------------------------------------------------------------------------------
 |       78        |       65        |        2        |       65        |       32        | 
 -------------------------------------------------------------------------------------------
 |       79        |       62        |        5        |       62        |       12        | 
 -------------------------------------------------------------------------------------------
 |       80        |       62        |        2        |       62        |       30        | 
 -------------------------------------------------------------------------------------------
 |       81        |       63        |        5        |       63        |       12        | 
 -------------------------------------------------------------------------------------------
 |       82        |       56        |        3        |       56        |       18        | 
 -------------------------------------------------------------------------------------------
 |       83        |       56        |        9        |       56        |        6        | 
 -------------------------------------------------------------------------------------------
 |       84        |       54        |        6        |       54        |        8        | 
 -------------------------------------------------------------------------------------------
 |       85        |       62        |        4        |       62        |       15        | 
 -------------------------------------------------------------------------------------------
 |       86        |       47        |        7        |       47        |        6        | 
 -------------------------------------------------------------------------------------------
 |       87        |       69        |        4        |       69        |       17        | 
 -------------------------------------------------------------------------------------------
 |       88        |       69        |        6        |       69        |       11        | 
 -------------------------------------------------------------------------------------------
 |       89        |       53        |        6        |       53        |        8        | 
 -------------------------------------------------------------------------------------------
 |       90        |       62        |        7        |       62        |        8        | 
 -------------------------------------------------------------------------------------------
 |       91        |       60        |        9        |       60        |        6        | 
 -------------------------------------------------------------------------------------------
 |       92        |       59        |        6        |       59        |        9        | 
 -------------------------------------------------------------------------------------------
 |       93        |       58        |        6        |       58        |        9        | 
 -------------------------------------------------------------------------------------------
 |       94        |       71        |        6        |       71        |       11        | 
 -------------------------------------------------------------------------------------------
 |       95        |       60        |        0        |       60        |        0        | 
 -------------------------------------------------------------------------------------------
 |       96        |       54        |        2        |       54        |       26        | 
 -------------------------------------------------------------------------------------------
 |       97        |       72        |        2        |       72        |       35        | 
 -------------------------------------------------------------------------------------------
 |       98        |       48        |        4        |       48        |       11        | 
 -------------------------------------------------------------------------------------------
 |       99        |       67        |        4        |       67        |       16        | 
 -------------------------------------------------------------------------------------------
 |       100       |       71        |        1        |       71        |       70        | 
 -------------------------------------------------------------------------------------------
